A:

1. 1 0 0 0 1
0 1 0 1 0
1 0 1 0 1
1 0 1 1 0
1 0 0 0 0

2. 1 1 1 1 1
0 1 0 1 0
1 0 1 0 1
1 0 0 1 0
1 0 1 0 0

B:
Input:
0 1 0 0 0 0 1 1 1 1 0 0 1 1 0 1 0 0 0 0 0
Output:
1 0 1 2 2 1 0 0 0 0 1 1 0 0 1 0 1 2 3 4 5
Input:
0 0 0 1 1 1 0 1 0 1 0 1 0 1 0 1 1 0 0
Output:
3 2 1 0 0 0 1 0 1 0 1 0 1 0 1 0 0 1 2
C:
Input: 
[[0, 100], [1.5, 1000], [2.3, 1], [2.6, 30], [7, 1000], [10, 1000]], 1
Output:
1001
Input: 
[[0, 100], [1.5, 1000], [2.3, 1], [2.6, 30], [7, 1000], [10, 1000]], 2
Output:
1100
Input: 
[[0, 100], [1.5, 1000], [2.3, 1], [2.6, 30], [7, 1000], [10, 1000]], 3
Output:
2000
